%%%%%%%%%%%%%%%%%%%%%%%%%%%%%%%%%%%%%%%%%%%%%%%%%%%%%%%%%%%%%%%%%%%%%%%%%%%
% Task
% Working Group on Modern Heuristic Optimization
% Intelligent Systems Subcommittee
% Power System Analysis, Computing, and Economic Committee
%
% Dr.-Ing.  (E-Mail: f.g.n.rimon@student.tudelft.nl)
% Sebastian Wildenhues (E-Mail: sebastian.wildenhues@uni-due.de)
% 24/04/2020
%
% This is a typical layout of an off-shore WPP. Parameters of system 
% components were taken from a off-shore WPP in Germany.
%
% See Matpower user's manual for details on the case file format.
%%%%%%%%%%%%%%%%%%%%%%%%%%%%%%%%%%%%%%%%%%%%%%%%%%%%%%%%%%%%%%%%%%%%%%%%%%%
function mpc = system_13
%% MATPOWER Case Format : Version 2
mpc.version = '2';

%%-----  Power Flow Data  -----%%
%% system MVA base
mpc.baseMVA = 120;

%% bus data 
% bus_i	   type	    Pd	   Qd	    Gs	    Bs	   area	   Vm	   Va	   baseKV  zone	   Vmax	    Vmin
mpc.bus = [
	1       3       0       0       0       0       1       1       0        150     1       1.09   0.85;        
    2       1       0       0       0       0       1       1       0        150     1       1.09 	0.85;
	3       1       0       0       0       0       1       1       0        150     1       1.09	0.85;
	4       1       0       0       0       0       1       1       0        33      1       1.09 	0.85;
	5       1       0       0       0       0       1       1       0        150     1       1.09	0.85;  
	6       1       0       0       0       0       1       1       0        33      1       1.09   0.85;
    7       1       0       0       0    	0       1       1       0        33      1       1.09	0.85;
    8       1       -33     0       0    	0       1       1       0        33      1       1.09	0.85;
    9       1       -29.4   0       0    	0       1       1       0        33      1       1.09	0.85;
   10       1       -29.4   0       0    	0       1       1       0        33      1       1.09	0.85;
   12       1       0       0       0    	0       1       1       0        33      1       1.09	0.85;
   13       1       -29.4   0       0    	0       1       1       0        33      1       1.09	0.85;
   14       1       -29.4   0       0       0       1       1       0        33      1       1.09	0.85;
   15       1       -29.4   0       0       0       1       1       0        33      1       1.09	0.85;
   16       1       0       0       0       0       1       1       0        33      1       1.09	0.85;
   17       1       -16     0       0       0       1       1       0        33      1       1.09	0.85;
   18       1       -16.8   0       0       0       1       1       0        33      1       1.09	0.85;
   19       1       -28     0       0       0       1       1       0        33      1       1.09	0.85;
   20       1       -32     0       0       0       1       1       0        33      1       1.09	0.85;
   21       1       0       0       0       -12     1       1       0        33      1       1.09	0.85;
   22       1       -29.4   0       0       0       1       1       0        33      1       1.09	0.85;
   23       1       -29.15  0       0       0       1       1       0        33      1       1.09	0.85;
   24       1       -28     0       0       0       1       1       0        33      1       1.09	0.85;
   26       1       0       0       0       0       1       1       0        33      1       1.09	0.85;
   27       1       0       0       0       0       1       1       0        33      1       1.09	0.85;
   28       1       -30.296 0       0       0       1       1       0        33      1       1.09   0.85;
   29       1       -30.296 0       0       0       1       1       0        33      1       1.09   0.85;
   30       1       -30.296 0       0       0       1       1       0        33      1       1.09   0.85;
   31       1       -30.296 0       0       0       1       1       0        33      1       1.09   0.85;
   ];
%% generator data
%  bus	Pg	    Qg	    Qmax	Qmin	Vg	   mBase  status   Pmax    Pmin	    Pc1	   Pc2	  Qc1min  Qc1max  Qc2min  Qc2max  ramp_agc  ramp_10  ramp_30  ramp_q  apf
mpc.gen = [
	1	-347.41   0    125.35  -143.26	1.0     240     1      358.15   0       0       0       0       0       0       0       0       0       0       0       0; %Equivalent grid
];

%% branch data
% fbus  tbus	   r	       x	      b	       rateA   rateB   rateC   ratio   angle  status	    ratiomax	ratiomin
