function boundary_initialise()
global Optimisation Systemdata;

Q_wt_max = [21.2 18.55 19.15 10.9 22.4 19.15 12.2 19.6 22.4 13.248 19.6 19.6 19.6] ;
