%%%%%%%%%%%%%%%%%%%%%%%%%%%%%%%%%%%%%%%%%%%%%%%%%%%%%%%%%%%%%%%%%%%%%%%%%%%
% Task
% Working Group on Modern Heuristic Optimization
% Intelligent Systems Subcommittee
% Power System Analysis, Computing, and Economic Committee
%
% 
% Sebastian Wildenhues (E-Mail: sebastian.wildenhues@uni-due.de)
% 24/04/2020
%
% This is a typical layout of an off-shore WPP. Parameters of system 
% components were taken from a off-shore WPP in Germany.
%
% See Matpower user's manual for details on the case file format.
%%%%%%%%%%%%%%%%%%%%%%%%%%%%%%%%%%%%%%%%%%%%%%%%%%%%%%%%%%%%%%%%%%%%%%%%%%%
function mpc = system_13
%% MATPOWER Case Format : Version 2
mpc.version = '2';

%%-----  Power Flow Data  -----%%
%% system MVA base
mpc.baseMVA = 350;

%% bus data 
% bus_i	   type	    Pd	   Qd	    Gs	    Bs	   area	   Vm	   Va	   baseKV  zone	   Vmax	    Vmin
mpc.bus = [
	1       3       0       0       0       0       1       1       0        150     1       1.09   0.8576;        
    2       1       0       0       0       0       1       1       0        150     1       1.09   0.8576;
	3       1       0       0       0       0       1       1       0        150     1       1.09   0.8576;
	4       1       0       0       0       0       1       1       0        33      1       1.09   0.8576;
	5       1       0       0       0       0       1       1       0        150     1       1.09   0.8576;  
	6       1       0       0       0       0       1       1       0        33      1       1.09   0.8576;
    7       1       0       0       0    	0       1       1       0        33      1       1.09   0.8576;
    8       1       0       0       0    	0       1       1       0        33      1       1.09   0.8576;
    9       1       0       0       0    	0       1       1       0        33      1       1.09   0.8576;
   10       1       0       0       0    	0       1       1       0        33      1       1.09   0.8576;
   11       4       0       0       0    	0       1       1       0        33      1       1.09   0.8576;
   12       1       0       0       0    	0       1       1       0        33      1       1.09   0.8576;
   13       1       0       0       0    	0       1       1       0        33      1       1.09   0.8576;
   14       1       0       0       0       0       1       1       0        33      1       1.09   0.8576;
   15       1       0       0       0       0       1       1       0        33      1       1.09   0.8576;
   16       4       0       0       0       0       1       1       0        33      1       1.09   0.8576;
   17       1       0       0       0       0       1       1       0        33      1       1.09   0.8576;
   18       1       0       0       0       0       1       1       0        33      1       1.09   0.8576;
   19       1       0       0       0       0       1       1       0        33      1       1.09   0.8576;
   20       1       0       0       0       0       1       1       0        33      1       1.09   0.8576;
   21       1       0       0       0       0       1       1       0        33      1       1.09   0.8576;
   22       4       0       0       0       0       1       1       0        33      1       1.09   0.8576;
   23       1       0       0       0       0       1       1       0        33      1       1.09   0.8576;
   24       1       0       0       0       0       1       1       0        33      1       1.09   0.8576;
   25       1       0       0       0       0       1       1       0        33      1       1.09   0.8576;
   26       1       0       0       0       0       1       1       0        33      1       1.09   0.8576;
   27       4       0       0       0       0       1       1       0        33      1       1.09   0.8576;
   28       1       0       0       0       -12     1       1       0        33      1       1.09   0.8576;%shunt reactor
   ];
%% generator data
%% The Qmax and Qmin are set to 0 in order to test if the system convergs.
%% The generating strings as well as the strings are modeled in the generator data and bus data.
%  bus	Pg	    Qg	    Qmax	Qmin	Vg	   mBase  status   Pmax    Pmin	    Pc1	   Pc2	  Qc1min  Qc1max  Qc2min  Qc2max  ramp_agc  ramp_10  ramp_30  ramp_q  apf
mpc.gen = [
	%%slack bus
    1	0         0       0        0        1.0     100     1      0        0       0       0       0       0       0       0       0       0       0       0       0;     
    %%wtg strings
    8	33        22.4    22.4     22.4     1.0     100     1      32       32      0       0       0       0       0       0       0       0       0       0       0;
    9	29.4      19.15   19.15    19.15	1.0     100     1      28.6     28.6    0       0       0       0       0       0       0       0       0       0       0;
    10	28.8      19.6    19.6     19.6     1.0     100     1      28       28      0       0       0       0       0       0       0       0       0       0       0;
    13	28.8      19.6    19.6     19.6     1.0     100     1      28       28      0       0       0       0       0       0       0       0       0       0       0;
    14	29.15     13.248  13.248   13.248   1.0     100     1      29.15    29.15   0       0       0       0       0       0       0       0       0       0       0;
    15	28        19.6    19.6     19.6     1.0     100     1      28       28      0       0       0       0       0       0       0       0       0       0       0;
    18	16        12.2    12.2     12.2     1.0     100     1      16       16      0       0       0       0       0       0       0       0       0       0       0;
    19	16.8      10.9    10.9     10.9     1.0     100     1      16.4     16.4    0       0       0       0       0       0       0       0       0       0       0;
    20	28        19.6    19.6     19.6     1.0     100     1      28       28      0       0       0       0       0       0       0       0       0       0       0;
    21	32        22.4    22.4     22.4     1.0     100     1      32       32      0       0       0       0       0       0       0       0       0       0       0;
    24	29.4      18.55   18.55    18.55    1.0     100     1      29.4     29.4    0       0       0       0       0       0       0       0       0       0       0;
    25	33.6      21.2    21.2     21.2     1.0     100     1      29.4     29.4    0       0       0       0       0       0       0       0       0       0       0;
    26	29.4      19.15   19.15    19.15    1.0     100     1      28.6     28.6    0       0       0       0       0       0       0       0       0       0       0;
    %%pv strings
    11	0      0    0     0     1.0     100     1      30.3     30.3    0       0       0       0       0       0       0       0       0       0       0;
    16	0      0    0     0     1.0     100     1      30.3     30.3    0       0       0       0       0       0       0       0       0       0       0;
    22	0     0    0     0     1.0     100     1      30.3     30.3    0       0       0       0       0       0       0       0       0       0       0;
    27	0      0    0     0     1.0     100     1      30.3     30.3    0       0       0       0       0       0       0       0       0       0       0;
   %Equivalent grid
];

%% branch data

%%the p.u calculations are checked several times; lecture and the data of
%%ABB are used in order to find the right p.u values for the transformer.

% fbus  tbus	   r                    x                   b                rateA      rateB      rateC       ratio   angle  status    ratiomax ratiomin
